%-- Unknown date --%
eig(10*eye(5)-1.95*0.8*8*(L1+L1')/2-8*1.95*3.5*D1)
L1 =[
1     0    -1     0     0
0     1     0     -1    0
-1     0     3    -1    -1
0     -1    -1     3    -1
0    0     -1    -1     2];
eig(10*eye(5)-1.95*0.8*8*(L1+L1')/2-8*1.95*3.5*D1)
L1 =[
1     -1   0     0     0
-1     1     0     0    0
0     0     2    -1    -1
0     0    -1     2    -1
0    0     -1    -1     2];
L1
eig(10*eye(5)-1.95*0.8*8*(L1+L1')/2-8*1.95*3.5*D1)
D1
D1 =[
0     0     0     0     0
0     0     1     0     0
0     0     0     1     0
0     0     0     0     0];
eig(10*eye(5)-1.95*0.8*8*(L1+L1')/2-8*1.95*3.5*D1)
D1 =[
1     0     0     0     0
0     0     0     0     0
0     0     1     0     0
0     0     0     0     0
0     0     0     0     0];
eig(10*eye(5)-1.95*0.8*8*(L1+L1')/2-8*1.95*3.5*D1)
D1 =[
0     0     0     0     0
0     1     0     0     0
0     0     1     0     0
0     0     0     0     0
0     0     0     0     0];
eig(10*eye(5)-1.95*0.8*8*(L1+L1')/2-8*1.95*3.5*D1)
D1 =[
0     0     0     0     0
0     0     0     1     0
0     0     0     0     1];
eig(10*eye(5)-1.95*0.8*8*(L1+L1')/2-8*1.95*3.5*D1)
D1 =[
0     0     0     0     0
0     0     1     0     0
0     0     0     0     0
0     0     0     0     0];
eig(10*eye(5)-1.95*0.8*8*(L1+L1')/2-8*1.95*3.5*D1)
D1 =[
0     0     0     0     0
0     0     0     1     0
0     0     0     0     0];
eig(10*eye(5)-1.95*0.8*8*(L1+L1')/2-8*1.95*3.5*D1)
D1 =[
0     0     0     0     0
0     0     1     0     0
0     0     0     1     0
0     0     0     0     1];
eig(10*eye(5)-1.95*0.8*8*(L1+L1')/2-8*1.95*3.5*D1)
D1 =[
1     0     0     0     0
0     0     0     0     0
0     0     0     0     0];
eig(10*eye(5)-1.95*0.8*8*(L1+L1')/2-8*1.95*3.5*D1)
D1 =[
0     0     0     0     0
0     1     0     0     0
0     0     0     0     0
0     0     0     0     0];
eig(10*eye(5)-1.95*0.8*8*(L1+L1')/2-8*1.95*3.5*D1)
D1 =[
0     0     0     0     0
0     0     1     0     0
0     0     0     1     0
0     0     0     0     0];
eig(10*eye(5)-1.95*0.8*8*(L1+L1')/2-8*1.95*3.5*D1)
D1 =[
0     0     0     0     0
0     1     0     0     0
0     0     0     0     0
0     0     0     1     0
0     0     0     0     0];
eig(10*eye(5)-1.95*0.8*8*(L1+L1')/2-8*1.95*3.5*D1)
D1 =[
0     0     0     0     0
0     0     1     0     0
0     0     0     0     0
0     0     0     0     1];
eig(10*eye(5)-1.95*0.8*8*(L1+L1')/2-8*1.95*3.5*D1)
D1 =[
0     0     0     0     0
0     0     0     1     0
0     0     0     0     1];
eig(10*eye(5)-1.95*0.8*8*(L1+L1')/2-8*1.95*3.5*D1)
L1
L1 =[
1    -1     0     0     0
-1     1     0     0     0
0     0     2    -1    -1
0     0    -1     1    0
0     0    -1    0     1];
eig(10*eye(5)-1.95*0.8*8*(L1+L1')/2-8*1.95*3.5*D1)
L1 =[
1    -1     0     0     0
-1     1     0     0     0
0     0     1    -1    0
0     0    -1     2    -1
0     0    0    -1     1];
eig(10*eye(5)-1.95*0.8*8*(L1+L1')/2-8*1.95*3.5*D1)
D1
D1 =[
0     0     0     0     0
0     0     1     0     0
0     0     0     1     0
0     0     0     0     1];
eig(10*eye(5)-1.95*0.8*8*(L1+L1')/2-8*1.95*3.5*D1)
1.95*0.8*8
1.95*3.5*8
D1 =[
0     0     0     0     0
0     1     0     0     0
0     0     0     0     0
0     0     0     1     0
0     0     0     0     0];
eig(10*eye(5)-1.95*0.8*8*(L1+L1')/2-8*1.95*3.5*D1)
L1 =[
1    -1     0     0     0
-1     1     0     0     0
0     0     1    -1    0
0     0    -1     1    0
0     0    0    0     0];
eig(10*eye(5)-1.95*0.8*8*(L1+L1')/2-8*1.95*3.5*D1)
L1 =[
1    -1     0     0     0
-1     1     0     0     0
0     0     2    -1    -1
0     -1    -1     3    -1
0     0    0    -1     1];
eig(10*eye(5)-1.95*0.8*8*(L1+L1')/2-8*1.95*3.5*D1)
L1 =[
2    -1     0     -1     0
-1     1     0     0     0
0     0     1    -1    0
-1     0    -1     3    -1
0     0    0    -1     1];
eig(10*eye(5)-1.95*0.8*8*(L1+L1')/2-8*1.95*3.5*D1)
L1 =[
2    -1     0     -1    0
-1     2     -1     0     0
0     -1     2    -1    0
-1     0    -1    3    -1
0     0    0    -1     1];
eig(10*eye(5)-1.95*0.8*8*(L1+L1')/2-8*1.95*3.5*D1)
L1 =[
2    -1     0     -1    0
-1     2     0     -1     0
0     0     1    -1    0
-1     -1    -1    4    -1
0     0    0    -1     1];
eig(10*eye(5)-1.95*0.8*8*(L1+L1')/2-8*1.95*3.5*D1)
L1 =[
2    -1     0     -1    0
-1     2     -1     0     0
0     -1     2    -1    0
-1     0    -1    3    -1
0     0    0    -1     1];
D1
D1 =[
0     0     0     0     0
0     1     0     0     0
0     0     1     0     0
0     0     0     1     0
0     0     0     0     0];
eig(10*eye(5)-1.95*0.8*8*(L1+L1')/2-8*1.95*3.5*D1)
L1
eig(10*eye(5)-1.95*0.8*8*(L3+L3')/2-8*1.95*3.5*D3)
L3=[ 2 -1 0 -1 0;...      %外耦合结构矩阵
0 0 0 0 0;...
0 -1 1 0 0;...
-1 0 0 2 -1;...
-1 0 -1 0 2];
L3
L3=[ 2  0  0 -1 -1;...      %外耦合结构矩阵
0  0  0  0  0;...
-1  0  0  2 -1;...
-1  0  0 -1  2];
eig(10*eye(5)-1.95*0.8*8*(L3+L3')/2-8*1.95*3.5*D3)
D3
D3 =[
0     0     0     0     0
0     1     0     0     0
0     0     0     0     0
0     0     0     1     0
0     0     0     0     0];
eig(10*eye(5)-1.95*0.8*8*(L3+L3')/2-8*1.95*3.5*D3)
D3 =[
0     0     0     0     0
0     0     0     1     0
0     0     0     0     0];
eig(10*eye(5)-1.95*0.8*8*(L3+L3')/2-8*1.95*3.5*D3)
D3 =[
0     0     0     0     0
0     1     0     0     0
0     0     0     0     0
0     0     0     1     0
0     0     0     0     1];
eig(10*eye(5)-1.95*0.8*8*(L3+L3')/2-8*1.95*3.5*D3)
D3 =[
1     0     0     0     0
0     1     0     0     0
0     0     0     0     0
0     0     0     1     0
0     0     0     0     0];
eig(10*eye(5)-1.95*0.8*8*(L3+L3')/2-8*1.95*3.5*D3)
D3 =[
1     0     0     0     0
0     0     0     0     0
0     0     0     1     0
0     0     0     0     0];
eig(10*eye(5)-1.95*0.8*8*(L3+L3')/2-8*1.95*3.5*D3)
D3 =[
0     0     0     0     0
0     1     0     0     0
0     0     1     0     0
0     0     0     1     0
0     0     0     0     0];
eig(10*eye(5)-1.95*0.8*8*(L3+L3')/2-8*1.95*3.5*D3)
D3 =[
1     0     0     0     0
0     0     0     0     0
0     0     1     0     0
0     0     0     1     0
0     0     0     0     0];
eig(10*eye(5)-1.95*0.8*8*(L3+L3')/2-8*1.95*3.5*D3)
D3 =[
1     0     0     0     0
0     1     0     0     0
0     0     0     0     0
0     0     0     0     0];
eig(10*eye(5)-1.95*0.8*8*(L3+L3')/2-8*1.95*3.5*D3)
D3 =[
1     0     0     0     0
0     1     0     0     0
0     0     1     0     0
0     0     0     0     0
0     0     0     0     0];
eig(10*eye(5)-1.95*0.8*8*(L3+L3')/2-8*1.95*3.5*D3)
D3 =[
0     0     0     0     0
0     1     0     0     0
0     0     1     0     0
0     0     0     0     0
0     0     0     0     0];
eig(10*eye(5)-1.95*0.8*8*(L3+L3')/2-8*1.95*3.5*D3)
D3 =[
1     0     0     0     0
0     1     0     0     0
0     0     1     0     0
0     0     0     0     0
0     0     0     0     0];
eig(10*eye(5)-1.95*0.8*8*(L3+L3')/2-8*1.95*3.5*D3)
L3
L3=[ 2  0  0 -1 -1;...      %外耦合结构矩阵
0  1  -1  0  0;...
0  -1  1  0  0;...
-1  0    2 -1;...
-1  0  0 -1  2];
L3=[ 1  0  0 -1 0;...      %外耦合结构矩阵
0  0  0  0  0;...
-1  0  0  2 -1;...
0  0  0 -1  1];
eig(10*eye(5)-1.95*0.8*8*(L3+L3')/2-8*1.95*3.5*D3)
L3=[ 1  0  0 0 -1;...      %外耦合结构矩阵
0  0  0  0  0;...
0  0  1  -1  0;...
0  0  -1  2 -1;...
-1  0  0 -1  2];
eig(10*eye(5)-1.95*0.8*8*(L3+L3')/2-8*1.95*3.5*D3)
L3=[ 1  0  0 -1 0;...      %外耦合结构矩阵
0  0  0  0  0;...
0  0  1  -1  0;...
-1  0  -1  3 -1;...
0  0  0 -1  2];
eig(10*eye(5)-1.95*0.8*8*(L3+L3')/2-8*1.95*3.5*D3)
L3
D3
L2
D2
L1
D1
eig(10*eye(5)-1.95*0.8*8*(L3+L3')/2-8*1.95*3.5*D3)
eig(10*eye(5)-1.95*0.8*8*L2-8*1.95*3.5*D2)
eig(10*eye(5)-1.95*0.8*8*L1-8*1.95*3.5*D1)
eig(10*eye(5)-1.95*0.8*6*L2-6*1.95*3.5*D2)
eig(10*eye(5)-1.95*0.8*7*L2-7*1.95*3.5*D2)
eig(10*eye(5)-1.95*0.8*7*L3-7*1.95*3.5*D3)
D2
D2 =[
1     0     0     0     0
0     0     0     0     0
0     0     0     0     1];
eig(10*eye(5)-1.95*0.8*7*L2-7*1.95*3.5*D2)
D2 =[
1     0     0     0     0
0     0     0     0     0
0     0     1     0     0
0     0     0     0     0
0     0     0     0     1];
